Type of key, amount of keys, xy locations
Key, 5, 240,48 72,0  128,8 192,32 232, 0
Bat, 5, 24,72 152,96 56,8 192,8 208,56
Key, 5, 168,48 240,48 48,0 120,0 184,0
Key, 5, 8,0 96,8 128,48 200,8 240,48
Box, 5 56,96 72,96 72,48 232,56 240,8
Key, 5, 8,80 104,88 120,48 136,48 240,56
Key, 5, 152,80 160,48 216,56 240,24 240,88
Banana, 4, 16,64 112,48 104,16 232,104
Key, 1, 128,8
Bauble, 5, 112,8 96,48 144,64 168,16 240,8
10p, 5, 8,32 152,48 192,0 240,8 240, 104
Banana, 5, 16,48 120,24 128,56 208,40 232,104
No idea, 5, 80,48 88,96 152,72 208,24 208,72 
Chip, 4, 24,64 128,56 216,56 184,16
Money Bag, 3
Squares, 4
Key, 5
Key, 1
Key, 2
Key, 5